# oST version 5.0 parameters


[image]

width
640

height
480

[narrow_stereo/left]

camera matrix
554.078422 0.000000 308.075058
0.000000 549.262039 253.005174
0.000000 0.000000 1.000000

distortion
-0.163150 0.336625 0.014086 -0.003831 0.000000

rectification
0.973609 0.049064 0.222884
-0.049194 0.998777 -0.004969
-0.222855 -0.006126 0.974832

projection
733.408840 0.000000 194.770527 0.000000
0.000000 733.408840 255.797348 0.000000
0.000000 0.000000 1.000000 0.000000

# oST version 5.0 parameters


[image]

width
640

height
480

[narrow_stereo/right]

camera matrix
532.417352 0.000000 319.371871
0.000000 527.906308 244.295992
0.000000 0.000000 1.000000

distortion
-0.154557 0.168852 0.010840 0.000164 0.000000

rectification
0.991086 0.011307 0.132745
-0.011229 0.999936 -0.001332
-0.132752 -0.000170 0.991149

projection
733.408840 0.000000 194.770527 -5.991841
0.000000 733.408840 255.797348 0.000000
0.000000 0.000000 1.000000 0.000000

